0		30,58	15,5	4	1,679	3	1,679	5,04	24,4	18,2	42,6	57,3	42,7	375	1,9741	2,3861	0,00183	0,4754	0,2857	125
1		4	21,14	4	1,961	3	1,961	5,88	33,3	24,9	58,2	57,3	42,7	507	1,4475	1,7523	0,00213	0,4638	0,2782	151
2		48,69	24,66	4	2,118	3	2,118	6,35	38,8	29	67,8	57,3	42,7	587	1,2409	1,5038	0,0023	0,458	0,2746	167
3		2	33,65	4	2,474	3	2,474	7,42	53	39,6	92,6	57,3	42,7	794	0,9094	1,0999	0,00269	0,4463	0,2671	203
4		77,47	39,25	4	2,672	3	2,672	8,02	61,8	46,2	108	57,3	42,7	911	0,7796	0,9445	0,00291	0,4404	0,2635	223
5		1/0	53,48	4	3,119	3	3,119	9,36	84,3	62,9	147,1	57,3	42,7	1220	0,5722	0,6897	0,0034	0,4287	0,2561	271
6		123,3	62,47	4	3,371	3	3,371	10,11	98,4	73,5	171,9	57,3	42,7	1390	0,4898	0,5928	0,00367	0,4229	0,2524	299
7		2/0	67,46	4	3,503	3	3,503	10,51	106,3	79,3	185,6	57,3	42,7	1501	0,4536	0,5493	0,00381	0,42	0,2505	313
8		155,4	78,77	4	3,785	3	3,785	11,36	124,1	92,6	216,7	57,3	42,7	1740	0,3885	0,4704	0,00412	0,4141	0,2469	345
9		3/0	85	4	3,932	3	3,932	11,8	133,9	100	233,9	57,3	42,7	1858	0,36	0,4356	0,00428	0,4113	0,245	362
10		195,7	99,16	4	4,247	3	4,247	12,74	156,2	116,6	272,8	57,3	42,7	2168	0,3086	0,3735	0,00462	0,4055	0,2414	399
11		4/0	107,26	4	4,417	3	4,417	13,25	169	126,1	295,1	57,3	42,7	2345	0,2853	0,3455	0,00481	0,4025	0,2395	419
12		246,9	125,09	4	4,77	3	4,77	14,31	197,1	147,1	344,2	57,3	42,7	2735	0,2446	0,2964	0,00519	0,3967	0,2358	462
13		250	126,63	15	2,913	4	2,913	14,57	275,6	73,1	348,8	79	21	2489	0,2339	0,2846	0,00552	0,3921	0,235	473
14		250	126,62	12	2,913	7	2,913	14,57	220,5	128	348,5	63,3	36,7	2814	0,2395	0,2908	0,00552	0,3921	0,235	468
15		300	152,14	15	3,193	4	3,193	15,97	331,2	87,9	419	79	21	2945	0,1947	0,2374	0,00605	0,3852	0,2306	531
16		300	152,14	12	3,193	7	3,193	15,97	264,9	153,8	418,7	63,3	36,7	3343	0,1993	0,2423	0,00605	0,3852	0,2306	525
17		350	177,31	15	3,447	4	3,447	17,24	385,9	102,4	488,4	79	21	3384	0,1671	0,2038	0,00653	0,3794	0,2269	584
18		350	177,3	12	3,447	7	3,447	17,24	308,7	179,2	488	63,3	36,7	3811	0,171	0,2075	0,00653	0,3794	0,2269	579
19		400	202,64	15	3,685	4	3,685	18,43	441,1	117,1	558,1	79	21	3822	0,1462	0,1783	0,00698	0,3744	0,2237	635
20		400	202,64	12	3,685	7	3,685	18,43	352,8	204,9	557,7	63,3	36,7	4318	0,1496	0,1821	0,00698	0,3744	0,2237	629
21		450	228,02	15	3,909	4	3,909	19,55	496,3	131,7	628	79	21	4232	0,1299	0,1591	0,00741	0,3699	0,2209	683
22		450	228,02	12	3,909	7	3,909	19,55	397	230,5	627,6	63,3	36,7	4803	0,133	0,1622	0,00741	0,3699	0,2209	676
23		500	253,3	15	4,12	4	4,12	20,6	551,3	146,3	697,7	79	21	4701	0,1169	0,1429	0,0078	0,366	0,2184	730
24		500	253,3	12	4,12	7	4,12	20,6	441,1	256,1	697,1	63,3	36,7	5335	0,1197	0,146	0,0078	0,366	0,2184	722
25		500	253,07	33	2,951	4	2,951	20,66	622,3	75,1	697,4	89,2	10,8	4528	0,1153	0,1417	0,00793	0,3648	0,2183	734
26		500	253,07	30	2,951	7	2,951	20,66	565,7	131,4	697,1	81,2	18,8	4899	0,1167	0,1429	0,00793	0,3648	0,2183	731
27		500	253,06	24	2,951	13	2,951	20,66	452,6	244	696,5	65	35	5391	0,1195	0,1454	0,00793	0,3648	0,2183	724
28		500	253,06	18	2,951	19	2,951	20,66	339,4	356,6	696	48,8	51,2	5996	0,1225	0,1485	0,00793	0,3648	0,2183	717
29		550	278,62	15	4,321	4	4,321	21,61	606,4	161	767,4	79	21	5171	0,1063	0,1305	0,0083	0,3614	0,2161	774
30		550	278,62	12	4,321	7	4,321	21,61	485,2	281,7	766,8	63,3	36,7	5868	0,1088	0,133	0,0083	0,3614	0,2161	766
31		550	278,54	33	3,096	4	3,096	21,67	684,9	82,6	767,6	89,2	10,8	4892	0,1048	0,1286	0,00832	0,3612	0,216	780
32		550	278,55	30	3,096	7	3,096	21,67	622,7	144,6	767,3	81,2	18,8	5306	0,106	0,1299	0,00832	0,3612	0,216	776
33		550	278,55	24	3,096	13	3,096	21,67	498,1	268,5	766,7	65	35	5866	0,1086	0,1324	0,00832	0,3612	0,216	769
34		550	278,55	18	3,096	19	3,096	21,67	373,6	392,5	766,1	48,8	51,2	6547	0,1113	0,1355	0,00832	0,3612	0,216	760
35		600	303,94	15	4,513	4	4,513	22,57	661,6	175,6	837,1	79	21	5641	0,0975	0,1193	0,00855	0,3591	0,2141	818
36		600	303,93	12	4,513	7	4,513	22,57	529,2	307,2	836,5	63,3	36,7	6402	0,0998	0,1218	0,00855	0,3591	0,2141	810
37		600	303,74	33	3,233	4	3,233	22,63	746,9	90,1	837	89,2	10,8	5335	0,0961	0,1181	0,00869	0,3579	0,2139	823
38		600	303,74	30	3,233	7	3,233	22,63	679	157,7	836,7	81,2	18,8	5786	0,0972	0,1193	0,00869	0,3579	0,2139	819
39		600	303,74	24	3,233	13	3,233	22,63	543,2	292,8	836	65	35	6396	0,0996	0,1218	0,00869	0,3579	0,2139	810
40		600	303,74	18	3,233	19	3,233	22,63	407,4	428	835,4	48,8	51,2	7139	0,1021	0,1243	0,00869	0,3579	0,2139	802
41		650	329,05	33	3,365	4	3,365	23,56	809,1	97,6	906,7	89,2	10,8	5733	0,0887	0,1094	0,00904	0,3549	0,212	864
42		650	329,05	30	3,365	7	3,365	23,56	735,6	170,8	906,4	81,2	18,8	6187	0,0897	0,11	0,00904	0,3549	0,212	862
43		650	329,05	24	3,365	13	3,365	23,56	588,5	317,2	905,7	65	35	6783	0,0919	0,1125	0,00904	0,3549	0,212	852
44		650	329,05	18	3,365	19	3,365	23,56	441,4	463,6	905	48,8	51,2	7521	0,0942	0,115	0,00904	0,3549	0,212	843
45		700	354,56	33	3,493	4	3,493	24,45	871,9	105,2	977	89,2	10,8	6177	0,0823	0,1013	0,00939	0,3521	0,2102	907
46		700	354,56	30	3,493	7	3,493	24,45	792,6	184,1	976,7	81,2	18,8	6667	0,0833	0,1025	0,00939	0,3521	0,2102	901
47		700	354,55	24	3,493	13	3,493	24,45	634,1	341,8	975,9	65	35	7309	0,0853	0,1044	0,00939	0,3521	0,2102	893
48		700	354,56	18	3,493	19	3,493	24,45	475,6	499,6	975,1	48,8	51,2	8104	0,0874	0,1069	0,00939	0,3521	0,2102	883
49		750	380,18	33	3,617	4	3,617	25,32	934,9	112,8	1047,6	89,2	10,8	6529	0,0768	0,0951	0,00972	0,3494	0,2086	944
50		750	380,18	30	3,617	7	3,617	25,32	849,9	197,4	1047,2	81,2	18,8	7061	0,0777	0,0957	0,00972	0,3494	0,2086	941
51		750	380,18	24	3,617	13	3,617	25,32	679,9	366,5	1046,4	65	35	7767	0,0796	0,0976	0,00972	0,3494	0,2086	932
52		750	380,18	18	3,617	19	3,617	25,32	509,9	535,7	1045,6	48,8	51,2	8635	0,0815	0,0994	0,00972	0,3494	0,2086	923
53		800	405,17	33	3,734	4	3,734	26,14	996,3	120,2	1116,5	89,2	10,8	6958	0,072	0,0895	0,01004	0,347	0,2071	981
54		800	405,17	30	3,734	7	3,734	26,14	905,7	210,3	1116,1	81,2	18,8	7525	0,0729	0,0901	0,01004	0,347	0,2071	978
55		800	405,17	24	3,734	13	3,734	26,14	724,6	390,6	1115,2	65	35	8278	0,0747	0,092	0,01004	0,347	0,2071	968
56		800	405,17	18	3,734	19	3,734	26,14	543,4	570,9	1114,3	48,8	51,2	9203	0,0765	0,0938	0,01004	0,347	0,2071	958
57		850	430,96	33	3,851	4	3,851	26,96	1059,7	127,8	1187,6	89,2	10,8	7259	0,0677	0,0839	0,01035	0,3447	0,2056	1022
58		850	430,96	30	3,851	7	3,851	26,96	963,4	223,7	1187,1	81,2	18,8	7871	0,0685	0,0851	0,01035	0,3447	0,2056	1014
59		850	430,96	24	3,851	13	3,851	26,96	770,7	415,5	1186,2	65	35	8699	0,0702	0,0864	0,01035	0,3447	0,2056	1007
60		850	430,96	18	3,851	19	3,851	26,96	578	607,2	1185,2	48,8	51,2	9707	0,0719	0,0882	0,01035	0,3447	0,2056	996
61		900	456,16	33	3,962	4	3,962	27,73	1121,7	135,3	1257	89,2	10,8	7683	0,064	0,0795	0,01065	0,3426	0,2042	1057
62		900	456,16	30	3,962	7	3,962	27,73	1019,7	236,8	1256,5	81,2	18,8	8332	0,0647	0,0802	0,01065	0,3426	0,2042	1053
63		900	456,16	24	3,962	13	3,962	27,73	815,8	439,7	1255,5	65	35	9207	0,0663	0,082	0,01065	0,3426	0,2042	1041
64		900	456,17	18	3,962	19	3,962	27,73	611,8	642,7	1254,6	48,8	51,2	10274	0,068	0,0833	0,01065	0,3426	0,2042	1033
65		950	481,13	33	4,069	4	4,069	28,48	1183,1	142,7	1325,8	89,2	10,8	8104	0,0607	0,0758	0,01093	0,3406	0,203	1090
66		950	481,14	30	4,069	7	4,069	28,48	1075,6	249,8	1325,3	81,2	18,8	8788	0,0614	0,0764	0,01093	0,3406	0,203	1086
67		950	481,14	24	4,069	13	4,069	28,48	860,5	463,8	1324,3	65	35	9711	0,0629	0,0777	0,01093	0,3406	0,203	1077
68		950	481,14	18	4,069	19	4,069	28,48	645,3	677,9	1323,3	48,8	51,2	10837	0,0644	0,0795	0,01093	0,3406	0,203	1064
69		1000	506,78	33	4,176	4	4,176	29,23	1246,2	150,3	1396,5	89,2	10,8	8536	0,0576	0,0721	0,01122	0,3386	0,2017	1126
70		1000	506,78	30	4,176	7	4,176	29,23	1132,9	263,1	1396	81,2	18,8	9256	0,0583	0,0727	0,01122	0,3386	0,2017	1121
71		1000	506,78	24	4,176	13	4,176	29,23	906,3	488,6	1394,9	65	35	10229	0,0597	0,0739	0,01122	0,3386	0,2017	1111
72		1000	506,77	18	4,176	19	4,176	29,23	679,7	714	1393,7	48,8	51,2	11414	0,0612	0,0752	0,01122	0,3386	0,2017	1102
73		1000	506,36	54	3,251	7	3,251	29,26	1235,9	159,4	1395,3	88,6	11,4	8867	0,0577	0,0721	0,0113	0,3381	0,2017	1126
74		1000	506,35	48	3,251	13	3,251	29,26	1098,5	296,1	1394,6	78,8	21,2	9441	0,0585	0,0727	0,0113	0,3381	0,2017	1121
75		1000	506,36	42	3,251	19	3,251	29,26	961,2	432,8	1394	69	31	10191	0,0594	0,0739	0,0113	0,3381	0,2017	1112
76		1000	506,35	33	3,251	28	3,251	29,26	755,2	637,7	1393	54,2	45,8	10963	0,0607	0,0752	0,0113	0,3381	0,2017	1102
77		1100	557,24	33	4,379	4	4,379	30,65	1370,3	165,3	1535,5	89,2	10,8	9385	0,0524	0,0659	0,01177	0,335	0,1994	1192
78		1100	557,24	30	4,379	7	4,379	30,65	1245,7	289,3	1534,9	81,2	18,8	10178	0,053	0,0665	0,01177	0,335	0,1994	1187
79		1100	557,24	24	4,379	13	4,379	30,65	996,5	537,2	1533,7	65	35	11247	0,0543	0,0677	0,01177	0,335	0,1994	1176
80		1100	557,24	18	4,379	19	4,379	30,65	747,4	785,1	1532,5	48,8	51,2	12551	0,0556	0,069	0,01177	0,335	0,1994	1165
81		1100	557,42	54	3,411	7	3,411	30,7	1360,5	175,5	1536	88,6	11,4	9762	0,0524	0,0659	0,01185	0,3345	0,1994	1193
82		1100	557,42	48	3,411	13	3,411	30,7	1209,3	325,9	1535,3	78,8	21,2	10393	0,0532	0,0665	0,01185	0,3345	0,1994	1187
83		1100	557,42	42	3,411	19	3,411	30,7	1058,2	476,4	1534,5	69	31	11219	0,0539	0,0671	0,01185	0,3345	0,1994	1182
84		1100	557,43	33	3,411	28	3,411	30,7	831,4	702,1	1533,5	54,2	45,8	12069	0,0551	0,0684	0,01185	0,3345	0,1994	1171
85		1200	608,24	33	4,575	4	4,575	32,03	1495,6	180,4	1676,1	89,2	10,8	10245	0,048	0,0605	0,0123	0,3317	0,1974	1259
86		1200	608,24	30	4,575	7	4,575	32,03	1359,7	315,7	1675,4	81,2	18,8	11109	0,0485	0,061	0,0123	0,3317	0,1974	1253
87		1200	608,24	24	4,575	13	4,575	32,03	1087,7	586,4	1674,1	65	35	12277	0,0497	0,0621	0,0123	0,3317	0,1974	1242
88		1200	608,24	18	4,575	19	4,575	32,03	815,8	857	1672,8	48,8	51,2	13700	0,051	0,0634	0,0123	0,3317	0,1974	1229
89		1200	608,54	54	3,564	7	3,564	32,08	1485,3	191,6	1676,9	88,6	11,4	10507	0,048	0,0605	0,01239	0,3312	0,1973	1258
90		1200	608,55	48	3,564	13	3,564	32,08	1320,2	355,8	1676,1	78,8	21,2	11213	0,0487	0,0612	0,01239	0,3312	0,1973	1251
91		1200	608,55	42	3,564	19	3,564	32,08	1155,2	520,1	1675,3	69	31	12129	0,0494	0,0619	0,01239	0,3312	0,1973	1245
92		1200	608,54	33	3,564	28	3,564	32,08	907,7	766,4	1674,1	54,2	45,8	13082	0,0505	0,0628	0,01239	0,3312	0,1973	1236
93		1250	633,49	33	4,669	4	4,669	32,68	1557,7	187,9	1745,7	89,2	10,8	10670	0,0461	0,0582	0,01255	0,3302	0,1964	1290
94		1250	633,49	30	4,669	7	4,669	32,68	1416,1	328,8	1745	81,2	18,8	11570	0,0466	0,0588	0,01255	0,3302	0,1964	1284
95		1250	633,49	24	4,669	13	4,669	32,68	1132,9	610,7	1743,6	65	35	12786	0,0477	0,0599	0,01255	0,3302	0,1964	1272
96		1250	633,49	18	4,669	19	4,669	32,68	849,7	892,6	1742,3	48,8	51,2	14268	0,0489	0,061	0,01255	0,3302	0,1964	1260
97		1250	633,03	54	3,635	7	3,635	32,72	1545	199,3	1744,3	88,6	11,4	10930	0,0461	0,0583	0,01263	0,3297	0,1963	1290
98		1250	633,04	48	3,635	13	3,635	32,72	1373,4	370,2	1743,5	78,8	21,2	11665	0,0468	0,059	0,01263	0,3297	0,1963	1282
99		1250	633,04	42	3,635	19	3,635	32,72	1201,7	541	1742,7	69	31	12617	0,0475	0,0597	0,01263	0,3297	0,1963	1275
100		1250	633,03	33	3,635	28	3,635	32,72	944,2	797,3	1741,4	54,2	45,8	13609	0,0486	0,0606	0,01263	0,3297	0,1963	1265
101		1300	658,42	33	4,76	4	4,76	33,32	1619,1	195,3	1814,4	89,2	10,8	11090	0,0443	0,0562	0,01279	0,3287	0,1955	1321
102		1300	658,43	30	4,76	7	4,76	33,32	1471,9	341,8	1813,7	81,2	18,8	12026	0,0448	0,0567	0,01279	0,3287	0,1955	1315
103		1300	658,43	24	4,76	13	4,76	33,32	1177,5	634,8	1812,3	65	35	13290	0,0459	0,0577	0,01279	0,3287	0,1955	1303
104		1300	658,42	18	4,76	19	4,76	33,32	883,1	927,7	1810,8	48,8	51,2	14830	0,0471	0,0588	0,01279	0,3287	0,1955	1291
105		1300	658,72	54	3,708	7	3,708	33,37	1607,7	207,4	1815,1	88,6	11,4	11373	0,0443	0,0562	0,01288	0,3282	0,1954	1322
106		1300	658,72	48	3,708	13	3,708	33,37	1429,1	385,2	1814,3	78,8	21,2	12138	0,045	0,0568	0,01288	0,3282	0,1954	1315
107		1300	658,71	42	3,708	19	3,708	33,37	1250,4	562,9	1813,4	69	31	13128	0,0456	0,0574	0,01288	0,3282	0,1954	1308
108		1300	658,72	33	3,708	28	3,708	33,37	982,5	829,6	1812,1	54,2	45,8	14161	0,0467	0,0584	0,01288	0,3282	0,1954	1296
109		1400	709,4	54	3,848	7	3,848	34,63	1731,4	223,4	1954,8	88,6	11,4	12015	0,0412	0,0524	0,01337	0,3254	0,1936	1384
110		1400	709,39	48	3,848	13	3,848	34,63	1539	414,8	1953,8	78,8	21,2	12864	0,0418	0,0531	0,01337	0,3254	0,1936	1375
111		1400	709,4	42	3,848	19	3,848	34,63	1346,7	606,3	1952,9	69	31	13953	0,0424	0,0536	0,01337	0,3254	0,1936	1368
112		1400	709,4	33	3,848	28	3,848	34,63	1058,1	893,5	1951,5	54,2	45,8	15105	0,0433	0,0546	0,01337	0,3254	0,1936	1356
113		1500	760,05	54	3,983	7	3,983	35,85	1855	239,3	2094,3	88,6	11,4	12873	0,0384	0,0493	0,01384	0,3228	0,192	1442
114		1500	760,05	48	3,983	13	3,983	35,85	1648,9	444,4	2093,4	78,8	21,2	13783	0,039	0,0498	0,01384	0,3228	0,192	1434
115		1500	760,05	42	3,983	19	3,983	35,85	1442,8	649,6	2092,4	69	31	14950	0,0396	0,0504	0,01384	0,3228	0,192	1426
116		1500	760,04	33	3,983	28	3,983	35,85	1133,6	957,2	2090,8	54,2	45,8	16183	0,0404	0,0512	0,01384	0,3228	0,192	1415
117		1600	811,26	54	4,115	7	4,115	37,04	1980	255,4	2235,5	88,6	11,4	13740	0,036	0,0465	0,0143	0,3203	0,1904	1500
118		1600	811,26	48	4,115	13	4,115	37,04	1760	474,4	2234,4	78,8	21,2	14712	0,0365	0,047	0,0143	0,3203	0,1904	1492
119		1600	811,26	42	4,115	19	4,115	37,04	1540	693,3	2233,3	69	31	15957	0,0371	0,0475	0,0143	0,3203	0,1904	1484
120		1600	811,26	33	4,115	28	4,115	37,04	1210	1021,7	2231,8	54,2	45,8	17274	0,0379	0,0483	0,0143	0,3203	0,1904	1472
121		1700	860,89	54	4,239	7	4,239	38,15	2101,2	271,1	2372,2	88,6	11,4	14581	0,0339	0,0441	0,01473	0,3181	0,189	1555
122		1700	860,89	48	4,239	13	4,239	38,15	1867,7	503,4	2371,1	78,8	21,2	15612	0,0344	0,0446	0,01473	0,3181	0,189	1546
123		1700	860,89	42	4,239	19	4,239	38,15	1634,2	735,7	2370	69	31	16933	0,0349	0,0451	0,01473	0,3181	0,189	1537
124		1700	860,89	33	4,239	28	4,239	38,15	1284	1084,2	2368,3	54,2	45,8	18330	0,0357	0,0458	0,01473	0,3181	0,189	1525
125		1750	887,08	54	4,303	7	4,303	38,73	2165,1	279,3	2444,4	88,6	11,4	15025	0,0329	0,0429	0,01495	0,317	0,1883	1582
126		1750	887,08	48	4,303	13	4,303	38,73	1924,5	518,7	2443,2	78,8	21,2	16087	0,0334	0,0434	0,01495	0,317	0,1883	1574
127		1750	887,08	42	4,303	19	4,303	38,73	1684	758,1	2442,1	69	31	17448	0,0339	0,0439	0,01495	0,317	0,1883	1565
128		1750	887,08	33	4,303	28	4,303	38,73	1323,1	1117,2	2440,3	54,2	45,8	18888	0,0347	0,0446	0,01495	0,317	0,1883	1553
129		1800	912,41	54	4,364	7	4,364	39,28	2226,9	287,3	2514,2	88,6	11,4	15453	0,032	0,0419	0,01517	0,3159	0,1876	1609
130		1800	912,41	48	4,364	13	4,364	39,28	1979,5	533,5	2513	78,8	21,2	16546	0,0325	0,0423	0,01517	0,3159	0,1876	1600
131		1800	912,41	42	4,364	19	4,364	39,28	1732	779,8	2511,8	69	31	17946	0,033	0,0428	0,01517	0,3159	0,1876	1591
132		1800	912,41	33	4,364	28	4,364	39,28	1360,9	1149,1	2510	54,2	45,8	19427	0,0337	0,0435	0,01517	0,3159	0,1876	1578
133		1900	962,85	54	4,483	7	4,483	40,35	2350	303,2	2653,2	88,6	11,4	16308	0,0303	0,04	0,01558	0,3139	0,1863	1660
134		1900	962,85	48	4,483	13	4,483	40,35	2088,9	563	2651,9	78,8	21,2	17461	0,0308	0,0404	0,01558	0,3139	0,1863	1651
135		1900	962,84	42	4,483	19	4,483	40,35	1827,8	822,9	2650,6	69	31	18938	0,0312	0,0408	0,01558	0,3139	0,1863	1643
136		1900	962,84	33	4,483	28	4,483	40,35	1436,1	1212,6	2648,7	54,2	45,8	20501	0,0319	0,0415	0,01558	0,3139	0,1863	1629
137		2000	1013,76	54	4,6	7	4,6	41,4	2474,3	319,2	2793,5	88,6	11,4	17170	0,0288	0,0383	0,01598	0,3119	0,1851	1710
138		2000	1013,76	48	4,6	13	4,6	41,4	2199,3	592,8	2792,1	78,8	21,2	18384	0,0292	0,0387	0,01598	0,3119	0,1851	1701
139		2000	1013,76	42	4,6	19	4,6	41,4	1924,4	866,4	2790,8	69	31	19940	0,0297	0,0391	0,01598	0,3119	0,1851	1692
140		2000	1013,76	33	4,6	28	4,6	41,4	1512,1	1276,8	2788,8	54,2	45,8	21585	0,0303	0,0397	0,01598	0,3119	0,1851	1679
141		2000	1012,58	72	3,764	19	3,764	41,4	2208,8	580,1	2788,9	79,2	20,8	18602	0,0292	0,0387	0,01603	0,3117	0,1851	1701
142		2000	1012,58	63	3,764	28	3,764	41,4	1932,8	854,9	2787,6	69,3	30,7	19700	0,0297	0,0391	0,01603	0,3117	0,1851	1692
143		2000	1012,58	54	3,764	37	3,764	41,4	1656,6	1129,6	2786,3	59,5	40,5	21135	0,0301	0,0395	0,01603	0,3117	0,1851	1684
144		2250	1139,54	72	3,993	19	3,993	43,92	2510,2	659,2	3169,4	79,2	20,8	20600	0,0262	0,0353	0,017	0,3073	0,1823	1813
145		2250	1139,54	63	3,993	28	3,993	43,92	2196,4	971,5	3167,9	69,3	30,7	21877	0,0266	0,0357	0,017	0,3073	0,1823	1803
146		2250	1139,54	54	3,993	37	3,993	43,92	1882,6	1283,7	3166,4	59,5	40,5	23529	0,027	0,036	0,017	0,3073	0,1823	1794
147		2500	1266,16	72	4,209	19	4,209	46,3	2789,1	732,5	3521,6	79,2	20,8	22888	0,0236	0,0324	0,01793	0,3033	0,1798	1921
148		2500	1266,16	63	4,209	28	4,209	46,3	2440,4	1079,4	3519,9	69,3	30,7	24308	0,024	0,0327	0,01793	0,3033	0,1798	1912
149		2500	1266,16	54	4,209	37	4,209	46,3	2091,8	1426,4	3518,2	59,5	40,5	26143	0,0243	0,0331	0,01793	0,3033	0,1798	1903
150		2750	1393,13	72	4,415	19	4,415	48,57	3068,8	805,9	3874,7	79,2	20,8	25184	0,0215	0,0301	0,0188	0,2997	0,1775	2025
151		2750	1393,14	63	4,415	28	4,415	48,57	2685,2	1187,7	3872,9	69,3	30,7	26746	0,0218	0,0304	0,0188	0,2997	0,1775	2014
152		2750	1393,13	54	4,415	37	4,415	48,57	2301,6	1569,4	3871	59,5	40,5	28765	0,0221	0,0307	0,0188	0,2997	0,1775	2004
153		3000	1520,89	72	4,613	19	4,613	50,74	3350,2	879,8	4230	79,2	20,8	27493	0,0197	0,0281	0,01964	0,2964	0,1754	2121
154		3000	1520,89	63	4,613	28	4,613	50,74	2931,4	1296,6	4228	69,3	30,7	29199	0,02	0,0285	0,01964	0,2964	0,1754	2109
155		3000	1520,89	54	4,613	37	4,613	50,74	2512,7	1713,3	4226	59,5	40,5	31403	0,0202	0,0287	0,01964	0,2964	0,1754	2100