0	Turkey	6	13,28	15,49	6	1,679	1	1,679	1,68	5,04	36,4	17,2	53,6	67,9	32,1	540	524	2,1532	2,6769	0,00193	0,4712	0,2857	118
1	Thrush	5	16,78	19,58	6	1,887	1	1,887	1,89	5,66	46	21,8	67,8	67,9	32,1	676	657	1,7041	2,1193	0,00217	0,4624	0,2801	136
2	Swan	4	21,14	24,66	6	2,118	1	2,118	2,12	6,35	58	27,4	85,4	67,9	32,1	845	820	1,3526	1,7119	0,00244	0,4537	0,2746	156
3	Swallow	3	26,69	31,14	6	2,38	1	2,38	2,38	7,14	73,2	34,6	107,8	67,9	32,1	1044	1013	1,0714	1,3558	0,00274	0,4449	0,269	181
4	Sparrow	2	33,64	39,25	6	2,672	1	2,672	2,67	8,02	92,3	43,6	135,9	67,9	32,1	1292	1254	0,85	1,1023	0,00308	0,4362	0,2635	206
5	Robin	1	42,41	49,48	6	3	1	3	3	9	116,4	55	171,4	67,9	32,1	1617	1568	0,6742	0,8867	0,00346	0,4274	0,2579	237
6	Raven	1/0	53,55	62,47	6	3,371	1	3,371	3,37	10,11	146,9	69,4	216,3	67,9	32,1	1984	1923	0,534	0,709	0,00388	0,4186	0,2524	273
7	Quail	2/0	67,4	78,63	6	3,782	1	3,782	3,78	11,35	184,9	87,4	272,3	67,9	32,1	2401	2324	0,4243	0,5773	0,00436	0,41	0,2469	312
8	Pigeon	3/0	85	99,17	6	4,247	1	4,247	4,25	12,74	233,2	110,2	343,4	67,9	32,1	2996	2899	0,3364	0,4741	0,00489	0,4012	0,2414	354
9	Penguin	4/0	107,22	125,09	6	4,77	1	4,77	4,77	14,31	294,2	139	433,2	67,9	32,1	3779	3656	0,2667	0,3797	0,0055	0,3925	0,2358	408
10	Waxwing	266,8	135,07	142,57	18	3,091	1	3,091	3,09	15,46	372,4	58,4	430,7	86,4	13,6	3114	3062	0,2127	0,2584	0,006	0,3858	0,2321	504
11	Owl	266,8	135,18	152,72	6	5,356	7	1,786	5,36	16,07	370,9	137	507,9	73	27	4393	4273	0,2115	0,2553	0,00617	0,3837	0,2303	512
12	Partridge	266,8	135,19	157,23	26	2,573	7	2,002	6,01	16,3	374,6	172,2	546,7	68,5	31,5	5121	4970	0,2136	0,2554	0,00661	0,3785	0,2296	514
13	Ostrich	300	151,97	176,7	26	2,728	7	2,121	6,36	17,28	421	193,2	614,2	68,5	31,5	5751	5582	0,19	0,2274	0,00701	0,3741	0,2268	553
14	Merlin	336,4	170,42	179,89	18	3,472	1	3,472	3,47	17,36	469,9	73,7	543,5	86,4	13,6	3929	3864	0,1686	0,2051	0,00674	0,377	0,2266	583
15	Linnet	336,4	170,32	198,03	26	2,888	7	2,245	6,74	18,29	471,9	216,4	688,3	68,6	31,4	6396	6206	0,1695	0,2032	0,00742	0,3698	0,2241	594
16	Oriole	336,4	170,5	210,28	30	2,69	7	2,69	8,07	18,83	473,5	310,7	784,3	60,4	39,6	7879	7606	0,1698	0,2013	0,00778	0,3662	0,2227	601
17	Chickadee	397,5	201,36	212,55	18	3,774	1	3,774	3,77	18,87	555,2	87,1	642,2	86,4	13,6	4509	4432	0,1427	0,1734	0,00733	0,3708	0,2226	648
18	Brant	397,5	201,43	227,53	24	3,269	7	2,179	6,54	19,61	558,1	203,9	761,9	73,2	26,8	6633	6454	0,1434	0,1742	0,00788	0,3653	0,2208	653
19	Ibis	397,5	201,21	233,97	26	3,139	7	2,441	7,32	19,88	557,5	255,9	813,4	68,5	31,5	7387	7162	0,1435	0,1721	0,00807	0,3635	0,2201	659
20	Lark	397,5	201,45	248,45	30	2,924	7	2,924	8,77	20,47	559,5	367,1	926,6	60,4	39,6	9252	8930	0,1437	0,1703	0,00846	0,3599	0,2187	668
21	Pelican	477	241,72	255,15	18	4,135	1	4,135	4,14	20,68	666,4	104,5	770,9	86,4	13,6	5321	5228	0,1189	0,1448	0,00803	0,3639	0,2182	726
22	Flicker	477	241,72	273,07	24	3,581	7	2,388	7,16	21,49	669,7	244,9	914,6	73,2	26,8	7802	7587	0,1195	0,1442	0,00863	0,3584	0,2164	735
23	Hawk	477	241,51	280,85	26	3,439	7	2,675	8,03	21,78	669,1	307,3	976,4	68,5	31,5	8869	8599	0,1196	0,1435	0,00884	0,3566	0,2158	739
24	Hen	477	241,73	298,13	30	3,203	7	3,203	9,61	22,42	671,4	440,5	1111,9	60,4	39,6	10789	10403	0,1197	0,1423	0,00926	0,3531	0,2144	748
25	Osprey	556,5	281,84	297,5	18	4,465	1	4,465	4,47	22,33	777	121,8	898,9	86,4	13,6	6204	6096	0,102	0,1243	0,00867	0,3581	0,2146	799
26	Parakeet	556,5	282,02	318,56	24	3,868	7	2,578	7,73	23,21	781,4	285,4	1066,8	73,2	26,8	8991	8741	0,1024	0,1237	0,00932	0,3526	0,2127	809
27	Dove	556,5	281,98	327,93	26	3,716	7	2,891	8,67	23,54	781,2	358,9	1140,2	68,5	31,5	10277	9962	0,1024	0,123	0,00955	0,3508	0,2121	814
28	Eagle	556,5	281,91	347,69	30	3,459	7	3,459	10,38	24,21	783	513,8	1296,8	60,4	39,6	12583	12132	0,1027	0,1218	0,01	0,3473	0,2107	825
29	Peacock	605	306,74	346,52	24	4,034	7	2,69	8,07	24,21	849,8	310,7	1160,6	73,2	26,8	9784	9512	0,0941	0,1137	0,00972	0,3494	0,2107	853
30	Squab	605	306,47	356,35	26	3,874	7	3,012	9,04	24,53	849,1	389,6	1238,7	68,5	31,5	11046	10704	0,0942	0,1131	0,00996	0,3476	0,2101	859
31	Wood Duck	605	306,55	378,08	30	3,607	7	3,607	10,82	25,25	851,4	558,7	1410,1	60,4	39,6	13106	12616	0,0944	0,1133	0,01043	0,3441	0,2087	864
32	Teal	605	306,55	376,43	30	3,607	19	2,164	10,82	25,25	851,4	546,9	1398,3	60,9	39,1	13594	13130	0,0944	0,1125	0,01043	0,3441	0,2087	868
33	Duck	605	306,67	346,42	54	2,689	7	2,689	8,07	24,2	849,7	310,5	1160,1	73,2	26,8	10075	9802	0,0942	0,1122	0,0098	0,3488	0,2107	859
34	Kingbird	636	322,34	340,25	18	4,775	1	4,775	4,78	23,88	888,7	139,3	1028,1	86,4	13,6	7095	6972	0,0891	0,1062	0,00927	0,353	0,2114	880
35	Swift	636	322,25	331,2	36	3,376	1	3,376	3,38	23,63	888,5	69,6	958,1	92,7	7,3	6230	6168	0,0892	0,1063	0,00919	0,3537	0,2119	804
36	Rook	636	322,29	364,05	24	4,135	7	2,756	8,27	24,81	892,9	326,2	1219,1	73,2	26,8	10276	9990	0,0896	0,1081	0,00997	0,3475	0,2095	881
37	Grosbeak	636	322,33	374,79	26	3,973	7	3,089	9,27	25,16	893	409,8	1302,8	68,5	31,5	11412	11052	0,0896	0,1075	0,01021	0,3457	0,2089	887
38	Scoter	636	322,22	397,39	30	3,698	7	3,698	11,09	25,89	894,9	587,2	1482,1	60,4	39,6	13775	13260	0,0898	0,1078	0,0107	0,3422	0,2075	892
39	Egret	636	322,21	395,75	30	3,698	19	2,22	11,1	25,89	894,9	575,6	1470,5	60,9	39,1	14300	13812	0,0898	0,1069	0,0107	0,3422	0,2075	896
40	Goose	636	322,14	363,9	54	2,756	7	2,756	8,27	24,8	892,5	326,2	1218,7	73,2	26,8	10583	10297	0,0896	0,1066	0,01004	0,347	0,2096	887
41	Flamingo	666,6	337,91	381,69	24	4,234	7	2,822	8,47	25,4	936,2	342	1278,2	73,2	26,8	10773	10473	0,0855	0,1032	0,0102	0,3458	0,2084	907
42	Gannet	666,6	337,76	392,73	26	4,067	7	3,162	9,49	25,75	935,8	429,4	1365,2	68,5	31,5	11958	11581	0,0855	0,1032	0,01045	0,344	0,2078	911
43	Stilt	715,5	362,78	409,77	24	4,387	7	2,924	8,77	26,32	1005,1	367,1	1372,2	73,2	26,8	11566	11244	0,0796	0,096	0,01057	0,3431	0,2067	949
44	Starling	715,5	362,62	421,66	26	4,214	7	3,277	9,83	26,69	1004,7	461,2	1465,8	68,5	31,5	12841	12436	0,0796	0,0957	0,01083	0,3413	0,2061	954
45	Redwing	715,5	362,43	444,98	30	3,922	19	2,352	11,76	27,45	1006,6	646,1	1652,7	60,9	39,1	15692	15144	0,0799	0,0951	0,01134	0,3378	0,2047	964
46	Coot	795	402,71	413,9	36	3,774	1	3,774	3,77	26,42	1110,3	87,1	1197,4	92,7	7,3	7597	7520	0,0714	0,085	0,01092	0,3407	0,2065	1010
47	Cuckoo	795	402,86	455,05	24	4,623	7	3,081	9,24	27,74	1116,2	407,7	1523,8	73,2	26,8	12639	12281	0,0717	0,0865	0,01114	0,3391	0,2042	1014
48	Drake	795	402,92	468,51	26	4,442	7	3,454	10,36	28,13	1116,3	512,3	1628,7	68,5	31,5	14266	13817	0,0717	0,0864	0,01142	0,3373	0,2035	1018
49	Mallard	795	402,87	494,8	30	4,135	19	2,482	12,41	28,95	1118,9	719,5	1838,4	60,9	39,1	17463	16853	0,0719	0,0858	0,01196	0,3338	0,2022	1029
50	Tern	795	402,82	430,65	45	3,376	7	2,25	6,75	27,01	1116	217,4	1333,4	83,7	16,3	9998	9807	0,0717	0,0876	0,01072	0,3421	0,2055	1000
51	Condor	795	402,59	454,78	54	3,081	7	3,081	9,24	27,73	1115,4	407,7	1523,1	73,2	26,8	12761	12403	0,0717	0,087	0,01123	0,3386	0,2042	1011
52	Ruddy	900	456,01	487,55	45	3,592	7	2,395	7,19	28,74	1263,4	246,4	1509,8	83,7	16,3	11103	10887	0,0633	0,0768	0,01141	0,3374	0,2025	1086
53	Canary	900	456	515,11	54	3,279	7	3,279	9,84	29,51	1263,4	461,7	1725,1	73,2	26,8	14453	14048	0,0633	0,0771	0,01195	0,3339	0,2013	1091
54	Rail	954	483,32	516,75	45	3,698	7	2,466	7,4	29,59	1339,1	261,1	1600,2	83,7	16,3	11768	11539	0,0597	0,0733	0,01174	0,3352	0,2011	1120
55	Cardinal	954	483,38	546,04	54	3,376	7	3,376	10,13	30,38	1339,2	489,4	1828,7	73,2	26,8	15321	14892	0,0597	0,0727	0,0123	0,3317	0,1999	1132
56	Ortolan	1033,5	523,33	559,5	45	3,848	7	2,565	7,7	30,78	1449,9	282,5	1732,5	83,7	16,3	12545	12297	0,0552	0,0684	0,01222	0,3322	0,1992	1172
57	Curlew	1033,5	523,41	591,26	54	3,513	7	3,513	10,54	31,62	1450,1	530	1980,1	73,2	26,8	16590	16125	0,0552	0,0671	0,0128	0,3287	0,198	1191
58	Bluejay	1113	564,07	603,09	45	3,995	7	2,664	7,99	31,96	1562,8	304,8	1867,6	83,7	16,3	13526	13258	0,0512	0,0634	0,01269	0,3293	0,1975	1229
59	Finch	1113	564,1	635,6	54	3,647	19	2,189	10,95	32,83	1570,5	559,6	2130,1	73,7	26,3	17729	17254	0,0514	0,0628	0,01329	0,3258	0,1962	1244
60	Bunting	1192,5	604,3	646,06	45	4,135	7	2,756	8,27	33,08	1674,3	326,2	2000,5	83,7	16,3	14485	14199	0,0478	0,0593	0,01313	0,3268	0,1958	1283
61	Grackle	1192,5	604,07	680,69	54	3,774	19	2,266	11,33	33,97	1681,8	599,7	2281,5	73,7	26,3	18992	18483	0,048	0,0588	0,01376	0,3232	0,1945	1299
62	Bittern	1272	644,4	688,96	45	4,27	7	2,847	8,54	34,16	1785,4	348,1	2133,4	83,7	16,3	15450	15145	0,0448	0,0558	0,01356	0,3243	0,1943	1336
63	Pheasant	1272	644,75	726,39	54	3,899	19	2,339	11,7	35,09	1795	639	2434	73,7	26,3	19782	19240	0,045	0,0553	0,01421	0,3208	0,193	1353
64	Dipper	1351	684,86	732,19	45	4,402	7	2,934	8,8	35,21	1897,5	369,7	2267,2	83,7	16,3	16416	16092	0,0422	0,0527	0,01398	0,322	0,1928	1387
65	Martin	1351	684,71	771,38	54	4,018	19	2,41	12,05	36,16	1906,3	678,3	2584,6	73,8	26,2	21004	20429	0,0424	0,0522	0,01464	0,3185	0,1916	1405
66	Bobolink	1431	724,95	775,09	45	4,529	7	3,02	9,06	36,23	2008,5	391,6	2400,2	83,7	16,3	17382	17039	0,0398	0,05	0,01438	0,3199	0,1915	1437
67	Plover	1431	725,16	817,09	54	4,135	19	2,482	12,41	37,22	2018,9	719,5	2738,4	73,7	26,3	22262	21652	0,04	0,0495	0,01507	0,3164	0,1902	1456
68	Nuthatch	1510	765,19	818,06	45	4,653	7	3,101	9,3	37,22	2120	413	2533	83,7	16,3	18134	17771	0,0377	0,0475	0,01477	0,3179	0,1902	1485
69	Parrot	1510	764,98	861,86	54	4,247	19	2,548	12,74	38,22	2129,8	758,2	2888	73,7	26,3	23473	22829	0,0379	0,047	0,01548	0,3144	0,1889	1505
70	Lapwing	1590	805,84	861,54	45	4,775	7	3,183	9,55	38,2	2232,6	435,1	2667,7	83,7	16,3	19100	18718	0,0358	0,0453	0,01516	0,3159	0,1889	1534
71	Falcon	1590	805,86	907,98	54	4,359	19	2,616	13,08	39,23	2243,6	799,3	3042,8	73,7	26,3	24735	24057	0,036	0,0448	0,01589	0,3124	0,1877	1555
72	Chukar	1780	902,2	975,74	84	3,698	19	2,22	11,1	40,68	2511,8	575,6	3087,4	81,4	18,6	23129	22641	0,0322	0,0409	0,01628	0,3105	0,1859	1645
73	Bluebird	2156	1092,31	1181,23	84	4,069	19	2,441	12,21	44,76	3041,1	695,9	3737	81,4	18,6	27334	26744	0,0266	0,0345	0,01791	0,3033	0,1814	1844
74	Kiwi	2167	1098,27	1145,76	72	4,407	7	2,939	8,82	44,07	3057,7	371	3428,6	89,2	10,8	22581	22256	0,0264	0,0349	0,01738	0,3056	0,1821	1824
75	Thrasher	2312	1171,42	1235,24	76	4,43	19	2,068	10,34	45,78	3261,3	499,5	3760,8	86,7	13,3	25667	25243	0,0248	0,0327	0,01815	0,3024	0,1803	1906